4 0.734804 0.115302 0.112745 0.148707
4 0.589706 0.271552 0.067647 0.159483
4 0.594118 0.409483 0.052941 0.116379
4 0.576961 0.632543 0.112745 0.200431
4 0.686765 0.506466 0.077451 0.103448
4 0.664706 0.313578 0.082353 0.165948
4 0.737255 0.403017 0.054902 0.086207
4 0.801471 0.389009 0.077451 0.122845
4 0.781373 0.328664 0.076471 0.122845
4 0.781373 0.257543 0.092157 0.071121
4 0.764216 0.192888 0.067647 0.114224
4 0.721569 0.336207 0.037255 0.086207
4 0.914216 0.304957 0.089216 0.062500
4 0.937255 0.245690 0.082353 0.081897
4 0.569608 0.020474 0.056863 0.036638
4 0.347059 0.621767 0.347059 0.372845
1 0.629902 0.289871 0.155882 0.566810
