4 0.529412 0.051724 0.052941 0.099138
4 0.694118 0.163793 0.088235 0.137931
4 0.574510 0.331897 0.045098 0.116379
4 0.586765 0.475216 0.022549 0.092672
4 0.631863 0.382543 0.057843 0.157328
4 0.676961 0.554957 0.042157 0.088362
4 0.561765 0.683190 0.100000 0.133621
4 0.764216 0.436422 0.046078 0.088362
4 0.747059 0.363147 0.084314 0.161638
4 0.757353 0.287716 0.104902 0.088362
4 0.728922 0.232759 0.057843 0.090517
4 0.869608 0.331897 0.052941 0.077586
4 0.899020 0.273707 0.101961 0.086207
4 0.334314 0.622845 0.345098 0.340517
1 0.625490 0.295259 0.164706 0.577586
