4 0.599510 0.221983 0.051961 0.150862
4 0.776961 0.085129 0.102941 0.127155
4 0.817157 0.146552 0.097059 0.120690
4 0.706373 0.276940 0.102941 0.174569
4 0.647059 0.373922 0.111765 0.114224
4 0.701471 0.456897 0.079412 0.103448
4 0.644608 0.506466 0.069608 0.090517
4 0.599510 0.599138 0.095098 0.125000
4 0.744608 0.301724 0.067647 0.064655
4 0.824020 0.257543 0.095098 0.157328
4 0.831373 0.315733 0.088235 0.183190
4 0.927451 0.292026 0.072549 0.062500
4 0.366667 0.644397 0.354902 0.314655
1 0.628431 0.273707 0.143137 0.530172
