4 0.662255 0.850216 0.124510 0.140086
4 0.974020 0.817888 0.046078 0.088362
4 0.801961 0.751078 0.043137 0.084052
4 0.766667 0.782328 0.041176 0.056034
4 0.842157 0.830819 0.052941 0.075431
4 0.744608 0.631466 0.077451 0.051724
4 0.694608 0.738147 0.050000 0.084052
4 0.574510 0.744612 0.060784 0.062500
4 0.617157 0.871767 0.050000 0.049569
4 0.272059 0.326509 0.161765 0.153017
4 0.126961 0.147629 0.038235 0.109914
1 0.614706 0.524784 0.335294 0.915948
4 0.323039 0.589440 0.189216 0.428879
4 0.509804 0.713362 0.150980 0.280172
