4 0.631863 0.831897 0.069608 0.172414
4 0.924020 0.661638 0.046078 0.073276
4 0.966667 0.827586 0.043137 0.099138
4 0.896569 0.794181 0.087255 0.075431
4 0.814216 0.742457 0.053922 0.049569
4 0.779412 0.803879 0.062745 0.086207
4 0.744608 0.852371 0.050000 0.079741
4 0.661765 0.808190 0.090196 0.081897
4 0.678922 0.684267 0.053922 0.135776
4 0.711275 0.932112 0.028431 0.062500
4 0.202451 0.337284 0.050000 0.101293
1 0.621569 0.496767 0.325490 0.976293
4 0.509314 0.689655 0.122549 0.280172
4 0.311765 0.572198 0.127451 0.372845
