4 0.651961 0.238147 0.082353 0.170259
4 0.509314 0.117457 0.022549 0.187500
4 0.529412 0.420259 0.037255 0.103448
4 0.599510 0.563578 0.014706 0.088362
4 0.611765 0.517241 0.019608 0.099138
4 0.631373 0.491379 0.027451 0.103448
4 0.694608 0.438578 0.051961 0.122845
4 0.697059 0.350216 0.090196 0.127155
4 0.661765 0.318966 0.049020 0.150862
4 0.784314 0.318966 0.074510 0.086207
4 0.799510 0.420259 0.040196 0.090517
4 0.724510 0.489224 0.039216 0.086207
4 0.492157 0.706897 0.098039 0.064655
4 0.589706 0.657328 0.050000 0.051724
4 0.302451 0.642241 0.342157 0.275862
1 0.636275 0.309267 0.172549 0.601293
