4 0.807353 0.409483 0.059804 0.125000
4 0.661275 0.643319 0.055882 0.062500
4 0.599510 0.565733 0.061765 0.058190
4 0.658824 0.532328 0.035294 0.077586
4 0.604412 0.449353 0.038235 0.101293
4 0.519118 0.286638 0.022549 0.125000
4 0.494118 0.518319 0.054902 0.049569
4 0.351961 0.707974 0.115686 0.088362
4 0.694118 0.367457 0.060784 0.062500
4 0.694608 0.440733 0.038235 0.062500
4 0.736275 0.514009 0.033333 0.053879
4 0.626961 0.475216 0.050000 0.114224
4 0.242157 0.632543 0.327451 0.308190
1 0.603922 0.356681 0.084314 0.545259
