4 0.406863 0.693966 0.135294 0.077586
4 0.519118 0.251078 0.032353 0.127155
4 0.614706 0.381466 0.029412 0.137931
4 0.619118 0.581897 0.067647 0.047414
4 0.664216 0.644397 0.032353 0.043103
4 0.667157 0.508621 0.022549 0.094828
4 0.754902 0.497845 0.045098 0.064655
4 0.826961 0.350216 0.051961 0.122845
4 0.721569 0.349138 0.072549 0.073276
4 0.656863 0.429957 0.039216 0.075431
4 0.633824 0.426724 0.022549 0.112069
4 0.699510 0.408405 0.032353 0.062500
4 0.254412 0.646552 0.338235 0.301724
1 0.605882 0.326509 0.100000 0.575431
