4 0.656863 0.836207 0.100000 0.163793
4 0.674510 0.917026 0.049020 0.049569
4 0.242157 0.326509 0.119608 0.165948
4 0.614216 0.781250 0.069608 0.062500
4 0.696569 0.725216 0.044118 0.075431
4 0.724510 0.799569 0.052941 0.125000
4 0.801961 0.753233 0.035294 0.092672
4 0.812255 0.646552 0.085294 0.064655
4 0.856863 0.813578 0.062745 0.071121
4 0.961765 0.835129 0.027451 0.075431
4 0.766667 0.782328 0.045098 0.064655
4 0.102451 0.203664 0.050000 0.092672
1 0.615196 0.517241 0.332353 0.939655
4 0.317157 0.592672 0.163725 0.426724
4 0.510294 0.696121 0.142157 0.284483
