4 0.639216 0.551724 0.113725 0.125000
4 0.604412 0.177802 0.053922 0.153017
4 0.746569 0.094828 0.124510 0.172414
4 0.832353 0.057112 0.117647 0.101293
4 0.854412 0.108836 0.095098 0.088362
4 0.871569 0.200431 0.090196 0.133621
4 0.856863 0.276940 0.074510 0.140086
4 0.744608 0.250000 0.097059 0.125000
4 0.726961 0.357759 0.132353 0.090517
4 0.726961 0.418103 0.077451 0.086207
4 0.667157 0.494612 0.079412 0.079741
4 0.934314 0.290948 0.054902 0.047414
4 0.366667 0.643319 0.354902 0.299569
1 0.635294 0.256466 0.174510 0.495690
