4 0.632353 0.287716 0.064706 0.165948
4 0.514706 0.173491 0.025490 0.174569
4 0.676471 0.389009 0.078431 0.096983
4 0.639216 0.381466 0.023529 0.137931
4 0.749020 0.336207 0.084314 0.086207
4 0.774510 0.455819 0.054902 0.062500
4 0.676961 0.492457 0.024510 0.088362
4 0.509314 0.475216 0.032353 0.084052
4 0.439706 0.686422 0.097059 0.088362
4 0.609314 0.596983 0.065686 0.068966
4 0.709314 0.529095 0.042157 0.088362
4 0.844118 0.318966 0.054902 0.064655
4 0.284804 0.636853 0.342157 0.273707
1 0.609804 0.311422 0.111765 0.609914
