4 0.511275 0.082974 0.032353 0.161638
4 0.678922 0.190733 0.095098 0.196121
4 0.694118 0.272629 0.082353 0.114224
4 0.719118 0.310345 0.091176 0.133621
4 0.716667 0.407328 0.058824 0.129310
4 0.742157 0.469828 0.035294 0.081897
4 0.549510 0.368534 0.057843 0.099138
4 0.527451 0.718750 0.100000 0.084052
4 0.606373 0.625000 0.048039 0.064655
4 0.671569 0.581897 0.037255 0.064655
4 0.611765 0.457974 0.025490 0.135776
4 0.629412 0.437500 0.019608 0.137931
4 0.591667 0.512931 0.018627 0.103448
4 0.836765 0.294181 0.087255 0.071121
4 0.837255 0.363147 0.054902 0.109914
4 0.899510 0.234914 0.059804 0.073276
4 0.312255 0.630388 0.357843 0.312500
1 0.655392 0.300647 0.226471 0.588362
