4 0.629412 0.823276 0.060784 0.172414
4 0.649510 0.667026 0.085294 0.148707
4 0.684804 0.782328 0.067647 0.073276
4 0.699510 0.932112 0.038235 0.088362
4 0.739706 0.843750 0.032353 0.062500
4 0.781863 0.818966 0.028431 0.073276
4 0.814216 0.737069 0.067647 0.060345
4 0.902451 0.792026 0.077451 0.075431
4 0.964216 0.828664 0.050000 0.088362
4 0.932353 0.667026 0.017647 0.049569
4 0.191667 0.363147 0.036275 0.127155
1 0.624510 0.494612 0.315686 0.984914
4 0.287745 0.561422 0.140196 0.398707
4 0.510294 0.706897 0.106863 0.258621
